id,target
0,0,12886819.0
1,1,3066740.2
2,2,6904806.5
3,3,965982.44
4,4,1706056.6
5,5,5184443.5
6,6,1924755.0
7,7,5255826.5
8,8,20058646.0
9,9,3782057.2
10,10,17820702.0
11,11,7711277.0
12,12,3905590.0
13,13,3235776.5
14,14,2019695.8
15,15,2033035.6
16,16,1487094.2
17,17,1342224.0
18,18,3099255.5
19,19,2935693.2
20,20,2816368.5
21,21,4119951.0
22,22,4226817.5
23,23,4565222.0
24,24,4248260.5
25,25,1963968.1
26,26,828242.2
27,27,1447773.4
28,28,1226600.8
29,29,1161575.9
30,30,1029413.3
31,31,6916036.5
32,32,1775160.6
33,33,956766.5
34,34,3976324.8
35,35,5362233.5
36,36,3623448.5
37,37,860249.75
38,38,3579219.5
39,39,13554896.0
40,40,2175744.0
41,41,5396379.5
42,42,2323341.2
43,43,9111894.0
44,44,5730857.0
45,45,7156306.0
46,46,13253152.0
47,47,41253948.0
48,48,3028645.2
49,49,12399493.0
50,50,9508871.0
51,51,3131685.0
52,52,1709987.1
53,53,8072052.0
54,54,2605264.0
55,55,1424138.9
56,56,2445160.8
57,57,6033948.5
58,58,2841228.0
59,59,4369825.5
60,60,4993001.5
61,61,2557109.0
62,62,2311109.5
63,63,8085087.5
64,64,2318876.5
65,65,2479562.8
66,66,5442517.5
67,67,5399380.5
68,68,2741334.8
69,69,3816139.5
70,70,11778922.0
71,71,2227920.2
72,72,3708888.0
73,73,4164601.8
74,74,5091333.5
75,75,3495090.2
76,76,2434494.8
77,77,5060440.0
78,78,2538671.2
79,79,11974389.0
80,80,18139874.0
81,81,6316911.5
82,82,1317613.1
83,83,2940568.8
84,84,5704705.0
85,85,8733856.0
86,86,2885924.0
87,87,2859457.0
88,88,3223382.8
89,89,9952218.0
90,90,2172057.8
91,91,27374594.0
92,92,9629605.0
93,93,4667577.0
94,94,8784636.0
95,95,3843048.8
96,96,549339.4
97,97,2137541.0
98,98,3551423.5
99,99,86772390.0
100,100,787177.5
101,101,19563926.0
102,102,2541624.2
103,103,29989166.0
104,104,1650219.1
105,105,8269616.5
106,106,4548898.5
107,107,30179730.0
108,108,3373276.0
109,109,3085350.8
110,110,9022380.0
111,111,6962540.0
112,112,2499758.5
113,113,3084568.0
114,114,6226739.5
115,115,3701877.0
116,116,3337141.2
117,117,8366074.5
118,118,10196880.0
119,119,1131249.4
120,120,4774084.0
121,121,14718388.0
122,122,2193938.0
123,123,2072321.2
124,124,2575211.5
125,125,10844444.0
126,126,1258508.5
127,127,2072443.8
128,128,1839059.1
129,129,3211385.5
130,130,18608270.0
131,131,4838155.5
132,132,2949131.5
133,133,38371656.0
134,134,18308318.0
135,135,2022945.8
136,136,18740414.0
137,137,2178418.0
138,138,3657988.2
139,139,15506182.0
140,140,4991320.5
141,141,23756528.0
142,142,33199604.0
143,143,29674854.0
144,144,12493335.0
145,145,3507244.0
146,146,1613942.4
147,147,7591811.5
148,148,1811103.2
149,149,2880968.8
150,150,520045.03
151,151,3849416.5
152,152,1641036.6
153,153,9927610.0
154,154,57217780.0
155,155,6240079.5
156,156,2907155.5
157,157,2146855.0
158,158,1039598.7
159,159,11135650.0
160,160,1729736.5
161,161,4706581.5
162,162,7688982.5
163,163,15899960.0
164,164,10463948.0
165,165,2851983.8
166,166,1537690.9
167,167,1907677.6
168,168,2648113.8
169,169,5871966.0
170,170,7301398.5
171,171,4741198.0
172,172,3949936.0
173,173,2917212.0
174,174,4369729.5
175,175,2072562.4
176,176,5685017.5
177,177,21721936.0
178,178,2850689.5
179,179,1657555.0
180,180,9527479.0
181,181,2823847.8
182,182,1849510.1
183,183,1314503.0
184,184,35406172.0
185,185,3261099.0
186,186,27387702.0
187,187,3057803.8
188,188,582159.06
189,189,3287563.2
190,190,1996167.4
191,191,2925528.2
192,192,1343595.6
193,193,29723570.0
194,194,4129702.8
195,195,4051013.0
196,196,1303888.0
197,197,7469479.5
198,198,17362656.0
199,199,4699320.0
200,200,1623044.4
201,201,4728816.0
202,202,8753435.0
203,203,9569057.0
204,204,14953049.0
205,205,4906829.0
206,206,3077709.8
207,207,8565565.0
208,208,4871755.5
209,209,5338833.0
210,210,3449232.5
211,211,13525300.0
212,212,3088924.8
213,213,1405221.4
214,214,736431.9
215,215,1111275.0
216,216,5932554.0
217,217,3211903.0
218,218,1912822.2
219,219,12207792.0
220,220,9043399.0
221,221,2888776.8
222,222,2766286.5
223,223,10264415.0
224,224,11746838.0
225,225,3876797.0
226,226,10230192.0
227,227,489125.88
228,228,2777611.5
229,229,2031950.1
230,230,4485346.0
231,231,4655724.5
232,232,495311.78
233,233,3262125.5
234,234,2168249.8
235,235,3556473.5
236,236,2712836.0
237,237,23200322.0
238,238,9893018.0
239,239,2222006.5
240,240,23446640.0
241,241,19840352.0
242,242,32042560.0
243,243,14618201.0
244,244,9965078.0
245,245,2202907.2
246,246,2589803.8
247,247,12915240.0
248,248,2457921.5
249,249,2941337.2
250,250,497551.6
251,251,14046259.0
252,252,4675596.0
253,253,5891677.0
254,254,2263283.2
255,255,12131495.0
256,256,1855132.9
257,257,22038014.0
258,258,16914414.0
259,259,2066554.5
260,260,14753634.0
261,261,2486261.5
262,262,2743636.5
263,263,4566419.5
264,264,2199949.0
265,265,17631538.0
266,266,3556188.5
267,267,2210964.0
268,268,3667325.0
269,269,3545995.0
270,270,1106094.1
271,271,2617017.8
272,272,6756542.0
273,273,15054440.0
274,274,7771357.0
275,275,5618763.5
276,276,1748774.6
277,277,3725045.0
278,278,6273069.5
279,279,19830514.0
280,280,3693586.2
281,281,2953725.2
282,282,1098802.9
283,283,1322848.4
284,284,2778700.5
285,285,3265674.0
286,286,4733644.0
287,287,9042778.0
288,288,2826482.8
289,289,5835016.5
290,290,7912128.0
291,291,4407312.5
292,292,10892662.0
293,293,5371892.0
294,294,2532374.5
295,295,1762033.2
296,296,17444082.0
297,297,8349806.5
298,298,2102646.2
299,299,4837578.5
300,300,6349841.5
301,301,3688665.2
302,302,6759481.0
303,303,4375751.5
304,304,6497957.0
305,305,8407377.0
306,306,8913083.0
307,307,24646028.0
308,308,2836536.2
309,309,1494944.9
310,310,5997495.5
311,311,39787130.0
312,312,4531618.0
313,313,3959104.0
314,314,2373065.8
315,315,5185328.5
316,316,4540585.5
317,317,15334623.0
318,318,9350082.0
319,319,2379465.5
320,320,21046556.0
321,321,4577913.5
322,322,9826446.0
323,323,3882443.0
324,324,2039080.2
325,325,2499849.2
326,326,8226315.0
327,327,11149337.0
328,328,7059899.0
329,329,5223611.0
330,330,7700312.5
331,331,2840556.2
332,332,5588196.5
333,333,2047926.0
334,334,2778697.8
335,335,910105.1
336,336,16640941.0
337,337,2704237.0
338,338,10743666.0
339,339,3121526.2
340,340,4809293.5
341,341,4294228.0
342,342,2325560.2
343,343,17476518.0
344,344,9471510.0
345,345,2757610.2
346,346,4916980.0
347,347,13593344.0
348,348,10219972.0
349,349,1561085.4
350,350,6873415.5
351,351,2077816.8
352,352,1952280.1
353,353,4777153.5
354,354,10176576.0
355,355,3111587.2
356,356,2298957.8
357,357,3898121.8
358,358,4743269.5
359,359,4099257.8
360,360,3258201.8
361,361,3608485.8
362,362,885518.56
363,363,5592248.0
364,364,2129928.5
365,365,7590537.5
366,366,1037157.7
367,367,27903596.0
368,368,3699695.8
369,369,767593.7
370,370,7552030.5
371,371,26031742.0
372,372,24644242.0
373,373,8254338.5
374,374,2742757.5
375,375,6733924.5
376,376,1601947.8
377,377,5023651.0
378,378,5265363.5
379,379,1184667.8
380,380,2341054.2
381,381,3889985.0
382,382,5621255.5
383,383,3674330.0
384,384,1150602.5
385,385,5034456.5
386,386,10610401.0
387,387,1582775.8
388,388,2601542.2
389,389,3116942.2
390,390,7428355.5
391,391,4123516.2
392,392,2696935.5
393,393,6756091.0
394,394,2954705.5
395,395,4423048.0
396,396,3087876.2
397,397,1733367.8
398,398,1892694.8
399,399,13909969.0
400,400,1380205.5
401,401,4008107.5
402,402,2715398.5
403,403,7844792.5
404,404,10416515.0
405,405,610489.7
406,406,55306744.0
407,407,6178701.0
408,408,4232473.0
409,409,12684438.0
410,410,14184075.0
411,411,14692107.0
412,412,1101048.8
413,413,2217838.0
414,414,7252798.0
415,415,12907827.0
416,416,4386489.0
417,417,2877152.2
418,418,21172134.0
419,419,4210479.5
420,420,3933366.2
421,421,7380282.5
422,422,11238154.0
423,423,12681366.0
424,424,2614331.0
425,425,1945780.1
426,426,3656216.5
427,427,31600528.0
428,428,3434055.5
429,429,3337991.2
430,430,6418971.5
431,431,7377087.5
432,432,3438594.5
433,433,8019966.0
434,434,2813667.8
435,435,3025801.5
